
x_2 =

     2     2     3     3


y_2 =

     1     3     1     3


angles_2 =

    0.7854   -0.7854    2.3562    3.9270


Optimal solution found.

This grasp is a form closure