x_1 =

    2.0000    2.0000    3.0000    3.5000


y_1 =

     1     3     1     2


angles_1 =

    0.7854   -0.7854    2.3562    3.9270


No feasible solution found.

Linprog stopped because no point satisfies the constraints.

This grasp does not yield form closure